27.93 25.00 21.00 0.05 0.53
24.06 25.00 21.00 0.04 0.45
23.54 25.00 21.00 0.05 0.51
22.16 25.00 21.00 0.05 0.51
22.91 25.00 21.00 0.06 0.46
22.64 25.00 21.00 0.05 0.48
27.77 25.00 21.00 0.05 0.55
24.89 25.00 21.00 0.05 0.52
25.14 25.00 21.00 0.05 0.59
30.81 25.00 21.00 0.05 0.60
25.01 25.00 21.00 0.05 0.49
25.63 25.00 21.00 0.05 0.48
24.85 25.00 21.00 0.05 0.52
21.43 25.00 21.00 0.06 0.49
25.17 25.00 21.00 0.05 0.62
23.51 25.00 21.00 0.06 0.50
23.78 25.00 21.00 0.05 0.52
25.58 25.00 21.00 0.05 0.46
27.51 25.00 21.00 0.06 0.50
20.46 25.00 21.00 0.05 0.46
26.81 25.00 21.00 0.05 0.54
23.24 25.00 21.00 0.05 0.57
23.63 25.00 21.00 0.06 0.40
29.07 25.00 21.00 0.05 0.55
20.28 25.00 21.00 0.04 0.47
20.60 25.00 21.00 0.05 0.45
25.74 25.00 21.00 0.05 0.46
22.60 25.00 21.00 0.05 0.55
27.49 25.00 21.00 0.06 0.45
22.36 25.00 21.00 0.04 0.52
23.22 25.00 21.00 0.05 0.53
27.23 25.00 21.00 0.05 0.57
23.69 25.00 21.00 0.05 0.55
26.25 25.00 21.00 0.05 0.48
25.93 25.00 21.00 0.05 0.57
25.91 25.00 21.00 0.04 0.53
25.63 25.00 21.00 0.05 0.48
24.65 25.00 21.00 0.05 0.57
27.02 25.00 21.00 0.06 0.45
23.11 25.00 21.00 0.05 0.47
28.38 25.00 21.00 0.05 0.46
29.80 25.00 21.00 0.05 0.52
27.44 25.00 21.00 0.05 0.50
20.30 25.00 21.00 0.05 0.46
25.77 25.00 21.00 0.05 0.55
27.80 25.00 21.00 0.05 0.55
26.09 25.00 21.00 0.06 0.46
21.36 25.00 21.00 0.05 0.47
25.97 25.00 21.00 0.05 0.56
24.21 25.00 21.00 0.05 0.52
29.86 25.00 21.00 0.05 0.49
24.48 25.00 21.00 0.05 0.40
29.92 25.00 21.00 0.05 0.53
25.14 25.00 21.00 0.04 0.56
22.62 25.00 21.00 0.06 0.46
29.72 25.00 21.00 0.06 0.56
24.50 25.00 21.00 0.05 0.42
26.04 25.00 21.00 0.05 0.56
23.75 25.00 21.00 0.04 0.49
25.79 25.00 21.00 0.05 0.48
25.92 25.00 21.00 0.05 0.50
30.40 25.00 21.00 0.05 0.47
18.58 25.00 21.00 0.04 0.52
27.59 25.00 21.00 0.05 0.58
25.77 25.00 21.00 0.04 0.46
23.53 25.00 21.00 0.05 0.46
26.46 25.00 21.00 0.05 0.55
24.48 25.00 21.00 0.06 0.53
22.76 25.00 21.00 0.04 0.48
27.76 25.00 21.00 0.05 0.44
21.28 25.00 21.00 0.05 0.42
28.63 25.00 21.00 0.06 0.50
21.22 25.00 21.00 0.05 0.47
23.43 25.00 21.00 0.05 0.48
25.29 25.00 21.00 0.05 0.49
23.58 25.00 21.00 0.05 0.49
25.04 25.00 21.00 0.05 0.46
26.35 25.00 21.00 0.05 0.45
28.01 25.00 21.00 0.04 0.45
23.39 25.00 21.00 0.05 0.52
28.11 25.00 21.00 0.05 0.56
22.87 25.00 21.00 0.05 0.53
24.10 25.00 21.00 0.06 0.42
25.85 25.00 21.00 0.05 0.51
27.83 25.00 21.00 0.05 0.52
24.29 25.00 21.00 0.04 0.57
25.80 25.00 21.00 0.05 0.56
24.06 25.00 21.00 0.05 0.46
23.36 25.00 21.00 0.05 0.47
28.49 25.00 21.00 0.05 0.42
23.46 25.00 21.00 0.05 0.53
24.91 25.00 21.00 0.05 0.59
25.01 25.00 21.00 0.05 0.53
24.78 25.00 21.00 0.04 0.44
27.98 25.00 21.00 0.05 0.43
25.20 25.00 21.00 0.04 0.45
26.69 25.00 21.00 0.05 0.42
21.89 25.00 21.00 0.05 0.56
25.28 25.00 21.00 0.06 0.45
20.10 25.00 21.00 0.05 0.48
24.44 25.00 21.00 0.05 0.49
20.14 25.00 21.00 0.05 0.39
26.03 25.00 21.00 0.05 0.54
20.82 25.00 21.00 0.06 0.50
27.79 25.00 21.00 0.04 0.50
29.04 25.00 21.00 0.05 0.54
25.77 25.00 21.00 0.04 0.49
25.38 25.00 21.00 0.05 0.60
23.92 25.00 21.00 0.05 0.60
20.98 25.00 21.00 0.05 0.55
23.16 25.00 21.00 0.04 0.54
22.14 25.00 21.00 0.05 0.48
28.55 25.00 21.00 0.05 0.46
24.59 25.00 21.00 0.05 0.60
27.17 25.00 21.00 0.06 0.48
26.93 25.00 21.00 0.05 0.46
27.64 25.00 21.00 0.05 0.48
24.23 25.00 21.00 0.05 0.57
27.28 25.00 21.00 0.06 0.45
24.61 25.00 21.00 0.05 0.53
23.25 25.00 21.00 0.06 0.55
21.71 25.00 21.00 0.05 0.57
23.22 25.00 21.00 0.04 0.52
24.08 25.00 21.00 0.05 0.49
22.38 25.00 21.00 0.05 0.48
26.00 25.00 21.00 0.05 0.44
23.56 25.00 21.00 0.06 0.51
26.20 25.00 21.00 0.05 0.42
25.61 25.00 21.00 0.05 0.49
22.12 25.00 21.00 0.06 0.48
28.00 25.00 21.00 0.04 0.55
23.41 25.00 21.00 0.05 0.48
28.25 25.00 21.00 0.05 0.54
19.17 25.00 21.00 0.05 0.57
23.08 25.00 21.00 0.05 0.48
23.51 25.00 21.00 0.06 0.44
21.79 25.00 21.00 0.06 0.53
23.50 25.00 21.00 0.03 0.50
26.26 25.00 21.00 0.05 0.59
24.17 25.00 21.00 0.05 0.49
24.02 25.00 21.00 0.05 0.53
23.43 25.00 21.00 0.04 0.56
23.01 25.00 21.00 0.06 0.53
23.83 25.00 21.00 0.05 0.53
22.04 25.00 21.00 0.04 0.48
29.06 25.00 21.00 0.05 0.46
22.32 25.00 21.00 0.05 0.55
22.78 25.00 21.00 0.05 0.50
24.69 25.00 21.00 0.05 0.46
27.92 25.00 21.00 0.06 0.49
21.67 25.00 21.00 0.04 0.55
24.26 25.00 21.00 0.05 0.50
28.03 25.00 21.00 0.06 0.50
23.96 25.00 21.00 0.05 0.50
27.02 25.00 21.00 0.05 0.51
27.28 25.00 21.00 0.05 0.49
26.45 25.00 21.00 0.06 0.48
19.92 25.00 21.00 0.06 0.50
24.76 25.00 21.00 0.04 0.48
26.52 25.00 21.00 0.05 0.41
27.75 25.00 21.00 0.06 0.47
25.66 25.00 21.00 0.05 0.43
25.77 25.00 21.00 0.05 0.53
24.89 25.00 21.00 0.04 0.55
22.58 25.00 21.00 0.04 0.45
24.52 25.00 21.00 0.05 0.59
27.96 25.00 21.00 0.06 0.49
19.45 25.00 21.00 0.05 0.49
20.92 25.00 21.00 0.05 0.48
24.15 25.00 21.00 0.06 0.50
23.18 25.00 21.00 0.04 0.56
22.75 25.00 21.00 0.05 0.50
24.10 25.00 21.00 0.05 0.52
28.40 25.00 21.00 0.05 0.48
24.38 25.00 21.00 0.05 0.54
25.92 25.00 21.00 0.04 0.40
26.96 25.00 21.00 0.05 0.53
21.40 25.00 21.00 0.05 0.54
22.91 25.00 21.00 0.06 0.48
24.20 25.00 21.00 0.05 0.58
25.88 25.00 21.00 0.05 0.58
26.96 25.00 21.00 0.05 0.38
24.22 25.00 21.00 0.05 0.45
23.46 25.00 21.00 0.05 0.49
26.56 25.00 21.00 0.05 0.53
29.95 25.00 21.00 0.05 0.52
22.44 25.00 21.00 0.05 0.59
26.32 25.00 21.00 0.05 0.54
28.18 25.00 21.00 0.04 0.55
24.34 25.00 21.00 0.05 0.42
26.78 25.00 21.00 0.05 0.52
21.94 25.00 21.00 0.05 0.61
22.10 25.00 21.00 0.05 0.50
26.79 25.00 21.00 0.04 0.58
24.18 25.00 21.00 0.05 0.50
22.59 25.00 21.00 0.06 0.55
25.32 25.00 21.00 0.05 0.53
26.12 25.00 21.00 0.06 0.43
23.65 25.00 21.00 0.05 0.48
21.96 25.00 21.00 0.05 0.63
24.32 25.00 21.00 0.05 0.60
22.36 25.00 21.00 0.05 0.59
31.40 25.00 21.00 0.05 0.41
23.80 25.00 21.00 0.05 0.45
25.15 25.00 21.00 0.04 0.46
24.31 25.00 21.00 0.05 0.58
23.51 25.00 21.00 0.05 0.51
21.83 25.00 21.00 0.05 0.51
27.33 25.00 21.00 0.04 0.58
28.01 25.00 21.00 0.04 0.46
21.88 25.00 21.00 0.06 0.48
23.27 25.00 21.00 0.05 0.47
24.60 25.00 21.00 0.06 0.49
24.34 25.00 21.00 0.05 0.50
27.76 25.00 21.00 0.05 0.58
24.74 25.00 21.00 0.06 0.50
27.66 25.00 21.00 0.05 0.54
21.29 25.00 21.00 0.04 0.54
23.52 25.00 21.00 0.05 0.41
25.56 25.00 21.00 0.05 0.47
23.78 25.00 21.00 0.05 0.49
22.82 25.00 21.00 0.06 0.48
21.43 25.00 21.00 0.04 0.42
29.57 25.00 21.00 0.06 0.48
21.78 25.00 21.00 0.05 0.49
25.94 25.00 21.00 0.05 0.52
24.22 25.00 21.00 0.05 0.50
26.75 25.00 21.00 0.05 0.48
24.72 25.00 21.00 0.05 0.56
25.01 25.00 21.00 0.04 0.45
28.41 25.00 21.00 0.05 0.49
27.60 25.00 21.00 0.05 0.56
23.61 25.00 21.00 0.05 0.54
25.11 25.00 21.00 0.05 0.51
26.35 25.00 21.00 0.04 0.50
21.21 25.00 21.00 0.05 0.50
24.07 25.00 21.00 0.05 0.54
26.69 25.00 21.00 0.06 0.48
23.87 25.00 21.00 0.04 0.57
22.87 25.00 21.00 0.06 0.50
26.14 25.00 21.00 0.04 0.52
26.15 25.00 21.00 0.05 0.46
26.72 25.00 21.00 0.05 0.50
25.28 25.00 21.00 0.06 0.55
26.63 25.00 21.00 0.05 0.40
25.56 25.00 21.00 0.05 0.45
28.40 25.00 21.00 0.06 0.43
22.98 25.00 21.00 0.05 0.47
25.63 25.00 21.00 0.06 0.57
23.13 25.00 21.00 0.05 0.48
22.48 25.00 21.00 0.05 0.43
25.58 25.00 21.00 0.05 0.39
22.73 25.00 21.00 0.05 0.55
27.86 25.00 21.00 0.04 0.51
25.50 25.00 21.00 0.05 0.41
20.82 25.00 21.00 0.05 0.45
23.17 25.00 21.00 0.04 0.45
23.27 25.00 21.00 0.04 0.47
25.87 25.00 21.00 0.04 0.45
26.54 25.00 21.00 0.05 0.62
27.05 25.00 21.00 0.04 0.61
26.76 25.00 21.00 0.04 0.50
25.25 25.00 21.00 0.05 0.45
22.66 25.00 21.00 0.06 0.50
26.78 25.00 21.00 0.05 0.55
27.20 25.00 21.00 0.05 0.51
19.70 25.00 21.00 0.04 0.47
21.88 25.00 21.00 0.06 0.50
16.87 25.00 21.00 0.04 0.47
27.09 25.00 21.00 0.04 0.44
24.37 25.00 21.00 0.05 0.57
24.81 25.00 21.00 0.05 0.47
24.91 25.00 21.00 0.06 0.53
26.51 25.00 21.00 0.05 0.55
25.55 25.00 21.00 0.05 0.53
25.38 25.00 21.00 0.05 0.52
24.44 25.00 21.00 0.05 0.54
22.93 25.00 21.00 0.05 0.51
22.99 25.00 21.00 0.05 0.42
25.16 25.00 21.00 0.05 0.48
25.44 25.00 21.00 0.05 0.45
26.12 25.00 21.00 0.05 0.54
24.34 25.00 21.00 0.05 0.51
24.11 25.00 21.00 0.05 0.63
23.04 25.00 21.00 0.06 0.49
26.13 25.00 21.00 0.05 0.42
26.30 25.00 21.00 0.06 0.45
28.04 25.00 21.00 0.06 0.53
24.87 25.00 21.00 0.05 0.41
27.77 25.00 21.00 0.06 0.53
23.57 25.00 21.00 0.05 0.56
28.55 25.00 21.00 0.06 0.60
26.30 25.00 21.00 0.05 0.48
24.64 25.00 21.00 0.05 0.51
21.88 25.00 21.00 0.05 0.49
22.67 25.00 21.00 0.05 0.53
23.77 25.00 21.00 0.05 0.35
24.79 25.00 21.00 0.06 0.51
26.26 25.00 21.00 0.04 0.45
22.16 25.00 21.00 0.05 0.47
26.83 25.00 21.00 0.06 0.57
24.60 25.00 21.00 0.04 0.49
23.79 25.00 21.00 0.05 0.51
23.71 25.00 21.00 0.05 0.58
25.22 25.00 21.00 0.06 0.56
23.57 25.00 21.00 0.05 0.52
25.56 25.00 21.00 0.05 0.50
21.44 25.00 21.00 0.05 0.54
25.61 25.00 21.00 0.05 0.48
26.38 25.00 21.00 0.05 0.57
22.81 25.00 21.00 0.05 0.54
23.45 25.00 21.00 0.05 0.44
27.91 25.00 21.00 0.04 0.60
25.30 25.00 21.00 0.06 0.56
20.37 25.00 21.00 0.05 0.54
24.01 25.00 21.00 0.05 0.60
26.77 25.00 21.00 0.06 0.49
25.40 25.00 21.00 0.06 0.56
23.98 25.00 21.00 0.06 0.42
23.14 25.00 21.00 0.05 0.41
24.19 25.00 21.00 0.06 0.43
26.83 25.00 21.00 0.05 0.47
23.08 25.00 21.00 0.05 0.48
21.94 25.00 21.00 0.05 0.43
24.91 25.00 21.00 0.05 0.50
29.82 25.00 21.00 0.05 0.52
26.40 25.00 21.00 0.05 0.44
27.35 25.00 21.00 0.06 0.54
26.96 25.00 21.00 0.05 0.52
29.68 25.00 21.00 0.05 0.43
21.08 25.00 21.00 0.04 0.40
26.49 25.00 21.00 0.05 0.49
28.10 25.00 21.00 0.06 0.46
23.34 25.00 21.00 0.05 0.50
26.24 25.00 21.00 0.05 0.50
29.45 25.00 21.00 0.05 0.51
28.62 25.00 21.00 0.05 0.47
27.36 25.00 21.00 0.06 0.52
25.32 25.00 21.00 0.05 0.49
25.46 25.00 21.00 0.04 0.48
23.89 25.00 21.00 0.05 0.53
21.93 25.00 21.00 0.06 0.51
26.27 25.00 21.00 0.05 0.56
25.09 25.00 21.00 0.05 0.48
25.82 25.00 21.00 0.05 0.49
24.86 25.00 21.00 0.05 0.46
25.64 25.00 21.00 0.04 0.48
23.80 25.00 21.00 0.06 0.46
22.85 25.00 21.00 0.05 0.54
24.77 25.00 21.00 0.05 0.53
24.22 25.00 21.00 0.05 0.41
26.21 25.00 21.00 0.05 0.62
23.80 25.00 21.00 0.06 0.58
20.05 25.00 21.00 0.05 0.48
17.84 25.00 21.00 0.06 0.44
27.49 25.00 21.00 0.05 0.42
27.74 25.00 21.00 0.05 0.40
26.46 25.00 21.00 0.05 0.48
28.48 25.00 21.00 0.04 0.51
29.43 25.00 21.00 0.05 0.53
24.86 25.00 21.00 0.06 0.43
20.58 25.00 21.00 0.06 0.41
26.25 25.00 21.00 0.05 0.39
25.19 25.00 21.00 0.05 0.53
25.39 25.00 21.00 0.05 0.53
24.19 25.00 21.00 0.05 0.43
21.27 25.00 21.00 0.04 0.48
28.14 25.00 21.00 0.05 0.52
25.04 25.00 21.00 0.04 0.54
25.38 25.00 21.00 0.05 0.58
25.46 25.00 21.00 0.05 0.49
26.14 25.00 21.00 0.04 0.44
24.07 25.00 21.00 0.05 0.49
21.67 25.00 21.00 0.04 0.56
28.01 25.00 21.00 0.04 0.55
22.62 25.00 21.00 0.05 0.45
26.05 25.00 21.00 0.05 0.50
24.25 25.00 21.00 0.05 0.54
24.74 25.00 21.00 0.05 0.52
22.08 25.00 21.00 0.05 0.44
25.53 25.00 21.00 0.05 0.43
26.44 25.00 21.00 0.05 0.56
24.04 25.00 21.00 0.06 0.51
26.11 25.00 21.00 0.05 0.48
22.33 25.00 21.00 0.04 0.46
25.97 25.00 21.00 0.04 0.48
29.44 25.00 21.00 0.05 0.53
24.99 25.00 21.00 0.04 0.46
24.30 25.00 21.00 0.05 0.56
27.05 25.00 21.00 0.05 0.58
23.54 25.00 21.00 0.05 0.58
25.11 25.00 21.00 0.05 0.48
25.13 25.00 21.00 0.04 0.55
21.15 25.00 21.00 0.04 0.53
24.17 25.00 21.00 0.05 0.48
25.74 25.00 21.00 0.04 0.44
22.78 25.00 21.00 0.06 0.43
25.25 25.00 21.00 0.05 0.46
23.29 25.00 21.00 0.05 0.50
23.50 25.00 21.00 0.06 0.55
20.86 25.00 21.00 0.04 0.43
22.48 25.00 21.00 0.05 0.46
27.29 25.00 21.00 0.05 0.48
27.75 25.00 21.00 0.05 0.44
23.10 25.00 21.00 0.05 0.42
24.60 25.00 21.00 0.06 0.48
24.43 25.00 21.00 0.04 0.55
27.30 25.00 21.00 0.04 0.55
25.31 25.00 21.00 0.04 0.51
25.24 25.00 21.00 0.05 0.56
24.04 25.00 21.00 0.05 0.55
26.40 25.00 21.00 0.05 0.50
25.43 25.00 21.00 0.06 0.62
27.20 25.00 21.00 0.05 0.56
24.79 25.00 21.00 0.06 0.50
25.43 25.00 21.00 0.05 0.48
28.51 25.00 21.00 0.05 0.50
30.45 25.00 21.00 0.05 0.48
25.64 25.00 21.00 0.05 0.45
25.93 25.00 21.00 0.05 0.47
22.76 25.00 21.00 0.05 0.54
21.15 25.00 21.00 0.05 0.54
22.28 25.00 21.00 0.05 0.44
18.89 25.00 21.00 0.05 0.55
24.90 25.00 21.00 0.05 0.50
26.95 25.00 21.00 0.05 0.52
23.40 25.00 21.00 0.06 0.47
22.12 25.00 21.00 0.06 0.53
28.69 25.00 21.00 0.04 0.50
24.79 25.00 21.00 0.06 0.56
28.09 25.00 21.00 0.06 0.48
27.04 25.00 21.00 0.05 0.47
26.14 25.00 21.00 0.05 0.45
26.82 25.00 21.00 0.06 0.52
25.23 25.00 21.00 0.05 0.56
24.51 25.00 21.00 0.04 0.55
25.76 25.00 21.00 0.05 0.55
26.14 25.00 21.00 0.05 0.53
27.19 25.00 21.00 0.04 0.51
27.52 25.00 21.00 0.05 0.51
27.30 25.00 21.00 0.04 0.49
28.08 25.00 21.00 0.05 0.51
23.16 25.00 21.00 0.05 0.49
24.35 25.00 21.00 0.05 0.52
25.12 25.00 21.00 0.05 0.48
23.91 25.00 21.00 0.04 0.52
27.22 25.00 21.00 0.05 0.57
22.37 25.00 21.00 0.05 0.47
16.48 25.00 21.00 0.05 0.49
23.69 25.00 21.00 0.05 0.43
23.04 25.00 21.00 0.05 0.43
25.54 25.00 21.00 0.04 0.50
28.09 25.00 21.00 0.05 0.51
24.62 25.00 21.00 0.06 0.53
26.00 25.00 21.00 0.06 0.49
23.40 25.00 21.00 0.06 0.55
23.25 25.00 21.00 0.05 0.49
23.19 25.00 21.00 0.05 0.47
24.17 25.00 21.00 0.05 0.40
22.53 25.00 21.00 0.05 0.49
24.79 25.00 21.00 0.06 0.47
24.54 25.00 21.00 0.05 0.56
24.26 25.00 21.00 0.05 0.49
26.42 25.00 21.00 0.05 0.54
25.29 25.00 21.00 0.05 0.45
23.40 25.00 21.00 0.04 0.60
23.62 25.00 21.00 0.05 0.59
25.87 25.00 21.00 0.07 0.45
28.95 25.00 21.00 0.06 0.52
31.02 25.00 21.00 0.05 0.52
22.80 25.00 21.00 0.05 0.46
26.80 25.00 21.00 0.05 0.56
24.86 25.00 21.00 0.05 0.46
25.72 25.00 21.00 0.05 0.56
23.91 25.00 21.00 0.04 0.61
24.13 25.00 21.00 0.05 0.58
28.63 25.00 21.00 0.05 0.49
22.86 25.00 21.00 0.05 0.43
27.45 25.00 21.00 0.05 0.53
23.18 25.00 21.00 0.05 0.50
23.88 25.00 21.00 0.05 0.46
26.22 25.00 21.00 0.05 0.46
26.93 25.00 21.00 0.05 0.50
22.92 25.00 21.00 0.05 0.58
27.99 25.00 21.00 0.05 0.47
24.49 25.00 21.00 0.04 0.54
21.82 25.00 21.00 0.05 0.50
24.41 25.00 21.00 0.05 0.52
21.72 25.00 21.00 0.05 0.48
28.80 25.00 21.00 0.05 0.57
23.21 25.00 21.00 0.06 0.49
28.79 25.00 21.00 0.05 0.48
19.70 25.00 21.00 0.05 0.53
21.74 25.00 21.00 0.05 0.53
28.45 25.00 21.00 0.05 0.61
22.59 25.00 21.00 0.05 0.48
26.90 25.00 21.00 0.05 0.49
26.53 25.00 21.00 0.05 0.47
24.96 25.00 21.00 0.05 0.51
23.34 25.00 21.00 0.05 0.41
22.47 25.00 21.00 0.05 0.61
24.21 25.00 21.00 0.05 0.51
22.13 25.00 21.00 0.05 0.40
27.80 25.00 21.00 0.05 0.51
26.39 25.00 21.00 0.05 0.53
28.52 25.00 21.00 0.05 0.53
24.87 25.00 21.00 0.05 0.49
24.60 25.00 21.00 0.04 0.52
21.08 25.00 21.00 0.05 0.46
21.97 25.00 21.00 0.04 0.47
21.28 25.00 21.00 0.05 0.50
25.90 25.00 21.00 0.06 0.52
30.49 25.00 21.00 0.05 0.58
22.65 25.00 21.00 0.05 0.55
21.40 25.00 21.00 0.05 0.49
20.33 25.00 21.00 0.05 0.46
26.51 25.00 21.00 0.04 0.51
27.51 25.00 21.00 0.05 0.56
24.37 25.00 21.00 0.05 0.54
21.81 25.00 21.00 0.05 0.53
22.20 25.00 21.00 0.05 0.48
23.79 25.00 21.00 0.04 0.49
27.82 25.00 21.00 0.05 0.48
22.34 25.00 21.00 0.06 0.55
25.74 25.00 21.00 0.06 0.43
25.92 25.00 21.00 0.04 0.53
27.60 25.00 21.00 0.06 0.42
26.20 25.00 21.00 0.05 0.58
25.78 25.00 21.00 0.05 0.50
23.18 25.00 21.00 0.05 0.58
22.38 25.00 21.00 0.04 0.56
22.69 25.00 21.00 0.05 0.42
27.65 25.00 21.00 0.05 0.52
20.40 25.00 21.00 0.04 0.51
27.38 25.00 21.00 0.06 0.55
21.09 25.00 21.00 0.05 0.54
28.38 25.00 21.00 0.06 0.43
22.17 25.00 21.00 0.06 0.53
26.09 25.00 21.00 0.05 0.36
21.79 25.00 21.00 0.05 0.38
27.57 25.00 21.00 0.05 0.50
23.69 25.00 21.00 0.04 0.54
21.78 25.00 21.00 0.05 0.46
23.89 25.00 21.00 0.05 0.42
19.34 25.00 21.00 0.05 0.60
21.86 25.00 21.00 0.04 0.50
21.46 25.00 21.00 0.04 0.48
25.53 25.00 21.00 0.05 0.46
28.03 25.00 21.00 0.05 0.48
28.90 25.00 21.00 0.06 0.50
28.35 25.00 21.00 0.05 0.49
19.68 25.00 21.00 0.04 0.48
27.59 25.00 21.00 0.05 0.43
24.38 25.00 21.00 0.06 0.50
29.26 25.00 21.00 0.05 0.55
25.76 25.00 21.00 0.05 0.55
25.88 25.00 21.00 0.05 0.46
21.48 25.00 21.00 0.06 0.54
23.79 25.00 21.00 0.06 0.41
19.28 25.00 21.00 0.05 0.56
28.35 25.00 21.00 0.05 0.44
27.12 25.00 21.00 0.05 0.48
27.67 25.00 21.00 0.05 0.44
24.54 25.00 21.00 0.05 0.53
25.74 25.00 21.00 0.05 0.46
20.55 25.00 21.00 0.04 0.60
25.41 25.00 21.00 0.05 0.62
29.44 25.00 21.00 0.05 0.51
28.20 25.00 21.00 0.05 0.50
29.67 25.00 21.00 0.05 0.49
27.98 25.00 21.00 0.05 0.40
26.73 25.00 21.00 0.05 0.49
20.80 25.00 21.00 0.05 0.50
24.71 25.00 21.00 0.06 0.49
27.14 25.00 21.00 0.05 0.48
27.42 25.00 21.00 0.05 0.48
24.62 25.00 21.00 0.05 0.52
26.74 25.00 21.00 0.05 0.52
25.55 25.00 21.00 0.05 0.56
28.71 25.00 21.00 0.05 0.47
26.25 25.00 21.00 0.04 0.44
25.69 25.00 21.00 0.05 0.51
24.75 25.00 21.00 0.05 0.47
25.47 25.00 21.00 0.05 0.40
19.70 25.00 21.00 0.05 0.45
26.83 25.00 21.00 0.06 0.54
23.60 25.00 21.00 0.05 0.45
23.02 25.00 21.00 0.05 0.58
25.36 25.00 21.00 0.05 0.37
27.50 25.00 21.00 0.05 0.57
20.90 25.00 21.00 0.04 0.51
22.29 25.00 21.00 0.05 0.54
26.39 25.00 21.00 0.05 0.50
26.20 25.00 21.00 0.05 0.48
21.59 25.00 21.00 0.04 0.47
23.90 25.00 21.00 0.05 0.47
25.46 25.00 21.00 0.05 0.42
23.22 25.00 21.00 0.05 0.51
23.73 25.00 21.00 0.04 0.48
23.60 25.00 21.00 0.04 0.46
24.50 25.00 21.00 0.05 0.50
22.38 25.00 21.00 0.05 0.55
22.48 25.00 21.00 0.06 0.50
23.24 25.00 21.00 0.05 0.43
25.76 25.00 21.00 0.05 0.48
29.67 25.00 21.00 0.04 0.58
27.30 25.00 21.00 0.05 0.52
28.69 25.00 21.00 0.04 0.50
25.70 25.00 21.00 0.05 0.58
23.09 25.00 21.00 0.04 0.52
21.88 25.00 21.00 0.05 0.47
25.17 25.00 21.00 0.05 0.49
25.26 25.00 21.00 0.06 0.51
28.82 25.00 21.00 0.05 0.51
25.95 25.00 21.00 0.05 0.56
28.65 25.00 21.00 0.06 0.44
27.02 25.00 21.00 0.05 0.55
26.38 25.00 21.00 0.05 0.50
24.82 25.00 21.00 0.05 0.46
28.94 25.00 21.00 0.05 0.48
30.97 25.00 21.00 0.05 0.44
25.91 25.00 21.00 0.05 0.48
25.13 25.00 21.00 0.04 0.51
25.70 25.00 21.00 0.05 0.48
23.48 25.00 21.00 0.04 0.51
27.52 25.00 21.00 0.04 0.44
26.04 25.00 21.00 0.05 0.53
30.37 25.00 21.00 0.05 0.50
23.35 25.00 21.00 0.05 0.50
24.45 25.00 21.00 0.05 0.52
25.98 25.00 21.00 0.06 0.56
24.62 25.00 21.00 0.05 0.50
28.00 25.00 21.00 0.05 0.37
22.49 25.00 21.00 0.05 0.41
28.20 25.00 21.00 0.06 0.48
25.58 25.00 21.00 0.05 0.52
24.33 25.00 21.00 0.05 0.50
24.37 25.00 21.00 0.05 0.48
23.50 25.00 21.00 0.05 0.51
25.38 25.00 21.00 0.06 0.44
26.46 25.00 21.00 0.06 0.56
25.17 25.00 21.00 0.05 0.53
29.89 25.00 21.00 0.05 0.50
23.61 25.00 21.00 0.05 0.42
24.14 25.00 21.00 0.04 0.51
31.13 25.00 21.00 0.05 0.38
24.16 25.00 21.00 0.05 0.48
22.82 25.00 21.00 0.05 0.63
21.55 25.00 21.00 0.05 0.45
26.17 25.00 21.00 0.05 0.48
27.75 25.00 21.00 0.06 0.44
24.15 25.00 21.00 0.05 0.49
29.22 25.00 21.00 0.06 0.48
25.40 25.00 21.00 0.04 0.51
23.35 25.00 21.00 0.05 0.49
21.06 25.00 21.00 0.04 0.59
22.84 25.00 21.00 0.05 0.48
26.38 25.00 21.00 0.05 0.49
25.20 25.00 21.00 0.04 0.48
29.26 25.00 21.00 0.05 0.45
26.11 25.00 21.00 0.04 0.46
26.15 25.00 21.00 0.04 0.57
30.99 25.00 21.00 0.05 0.40
24.15 25.00 21.00 0.05 0.49
24.10 25.00 21.00 0.05 0.63
23.97 25.00 21.00 0.06 0.47
24.78 25.00 21.00 0.05 0.49
21.13 25.00 21.00 0.05 0.50
29.27 25.00 21.00 0.05 0.48
22.76 25.00 21.00 0.04 0.55
26.67 25.00 21.00 0.05 0.46
18.11 25.00 21.00 0.04 0.52
25.85 25.00 21.00 0.05 0.52
18.32 25.00 21.00 0.05 0.61
26.71 25.00 21.00 0.05 0.54
28.47 25.00 21.00 0.05 0.56
23.94 25.00 21.00 0.04 0.53
27.59 25.00 21.00 0.04 0.45
25.67 25.00 21.00 0.05 0.54
28.69 25.00 21.00 0.05 0.46
22.69 25.00 21.00 0.06 0.58
30.59 25.00 21.00 0.05 0.52
26.86 25.00 21.00 0.05 0.45
23.25 25.00 21.00 0.05 0.50
24.30 25.00 21.00 0.05 0.54
24.31 25.00 21.00 0.05 0.46
24.70 25.00 21.00 0.05 0.55
18.79 25.00 21.00 0.05 0.45
27.72 25.00 21.00 0.06 0.45
22.70 25.00 21.00 0.05 0.57
26.90 25.00 21.00 0.05 0.51
23.15 25.00 21.00 0.05 0.48
25.94 25.00 21.00 0.06 0.57
22.19 25.00 21.00 0.04 0.57
28.44 25.00 21.00 0.05 0.54
26.18 25.00 21.00 0.05 0.56
27.21 25.00 21.00 0.05 0.50
22.87 25.00 21.00 0.05 0.42
29.76 25.00 21.00 0.05 0.48
24.22 25.00 21.00 0.05 0.52
27.09 25.00 21.00 0.06 0.48
25.71 25.00 21.00 0.05 0.45
25.11 25.00 21.00 0.04 0.51
23.60 25.00 21.00 0.05 0.47
28.60 25.00 21.00 0.05 0.51
28.54 25.00 21.00 0.05 0.48
27.62 25.00 21.00 0.05 0.50
24.89 25.00 21.00 0.05 0.57
27.36 25.00 21.00 0.05 0.47
27.78 25.00 21.00 0.05 0.38
24.82 25.00 21.00 0.05 0.51
28.08 25.00 21.00 0.04 0.41
25.60 25.00 21.00 0.04 0.47
26.44 25.00 21.00 0.05 0.49
28.07 25.00 21.00 0.05 0.44
24.38 25.00 21.00 0.05 0.49
28.84 25.00 21.00 0.05 0.51
23.05 25.00 21.00 0.04 0.48
27.37 25.00 21.00 0.05 0.47
28.44 25.00 21.00 0.06 0.50
22.08 25.00 21.00 0.05 0.52
27.70 25.00 21.00 0.05 0.59
27.67 25.00 21.00 0.04 0.57
24.46 25.00 21.00 0.04 0.47
24.40 25.00 21.00 0.05 0.46
26.88 25.00 21.00 0.05 0.51
27.92 25.00 21.00 0.05 0.52
19.35 25.00 21.00 0.05 0.47
25.59 25.00 21.00 0.06 0.49
29.12 25.00 21.00 0.05 0.51
24.15 25.00 21.00 0.05 0.60
23.41 25.00 21.00 0.05 0.54
26.45 25.00 21.00 0.06 0.47
20.47 25.00 21.00 0.05 0.52
19.77 25.00 21.00 0.05 0.43
27.88 25.00 21.00 0.04 0.54
22.83 25.00 21.00 0.05 0.51
24.08 25.00 21.00 0.05 0.36
24.46 25.00 21.00 0.05 0.50
23.26 25.00 21.00 0.05 0.53
25.79 25.00 21.00 0.05 0.46
23.08 25.00 21.00 0.05 0.47
24.96 25.00 21.00 0.05 0.48
30.37 25.00 21.00 0.04 0.46
22.95 25.00 21.00 0.05 0.48
28.74 25.00 21.00 0.05 0.49
17.28 25.00 21.00 0.06 0.48
28.21 25.00 21.00 0.05 0.45
29.49 25.00 21.00 0.05 0.52
23.51 25.00 21.00 0.05 0.53
26.48 25.00 21.00 0.05 0.49
24.84 25.00 21.00 0.04 0.50
22.97 25.00 21.00 0.05 0.53
25.47 25.00 21.00 0.04 0.47
22.20 25.00 21.00 0.06 0.51
22.82 25.00 21.00 0.05 0.46
24.42 25.00 21.00 0.04 0.60
26.01 25.00 21.00 0.06 0.54
21.99 25.00 21.00 0.05 0.47
25.70 25.00 21.00 0.05 0.47
22.80 25.00 21.00 0.06 0.43
24.08 25.00 21.00 0.05 0.53
26.71 25.00 21.00 0.05 0.52
22.90 25.00 21.00 0.05 0.51
24.77 25.00 21.00 0.06 0.51
23.99 25.00 21.00 0.05 0.44
25.48 25.00 21.00 0.05 0.43
25.46 25.00 21.00 0.06 0.52
25.68 25.00 21.00 0.05 0.54
23.78 25.00 21.00 0.04 0.51
24.67 25.00 21.00 0.05 0.41
26.54 25.00 21.00 0.04 0.48
24.24 25.00 21.00 0.06 0.45
26.22 25.00 21.00 0.06 0.56
22.42 25.00 21.00 0.05 0.53
25.12 25.00 21.00 0.04 0.41
25.68 25.00 21.00 0.05 0.45
21.78 25.00 21.00 0.06 0.47
28.47 25.00 21.00 0.07 0.53
24.36 25.00 21.00 0.05 0.54
27.33 25.00 21.00 0.05 0.58
20.64 25.00 21.00 0.04 0.41
24.64 25.00 21.00 0.05 0.41
22.41 25.00 21.00 0.05 0.44
28.67 25.00 21.00 0.06 0.55
21.88 25.00 21.00 0.04 0.48
25.64 25.00 21.00 0.05 0.53
20.00 25.00 21.00 0.05 0.52
24.57 25.00 21.00 0.06 0.50
23.58 25.00 21.00 0.06 0.54
27.06 25.00 21.00 0.05 0.53
23.01 25.00 21.00 0.05 0.57
22.97 25.00 21.00 0.05 0.52
26.83 25.00 21.00 0.06 0.50
29.16 25.00 21.00 0.05 0.50
24.64 25.00 21.00 0.06 0.58
25.83 25.00 21.00 0.06 0.43
26.15 25.00 21.00 0.05 0.49
24.26 25.00 21.00 0.05 0.56
26.34 25.00 21.00 0.04 0.53
26.42 25.00 21.00 0.05 0.52
21.83 25.00 21.00 0.05 0.48
22.93 25.00 21.00 0.04 0.53
21.37 25.00 21.00 0.05 0.52
23.93 25.00 21.00 0.05 0.50
26.06 25.00 21.00 0.05 0.57
26.07 25.00 21.00 0.06 0.54
26.23 25.00 21.00 0.06 0.49
26.52 25.00 21.00 0.05 0.43
26.91 25.00 21.00 0.05 0.50
26.14 25.00 21.00 0.05 0.49
27.18 25.00 21.00 0.05 0.49
24.33 25.00 21.00 0.05 0.51
25.40 25.00 21.00 0.05 0.48
27.79 25.00 21.00 0.05 0.65
30.25 25.00 21.00 0.04 0.44
21.57 25.00 21.00 0.05 0.49
22.90 25.00 21.00 0.05 0.51
28.66 25.00 21.00 0.04 0.48
21.72 25.00 21.00 0.04 0.57
28.40 25.00 21.00 0.05 0.47
23.50 25.00 21.00 0.04 0.47
24.69 25.00 21.00 0.05 0.52
22.41 25.00 21.00 0.06 0.47
25.75 25.00 21.00 0.05 0.45
24.61 25.00 21.00 0.05 0.53
23.87 25.00 21.00 0.05 0.53
23.55 25.00 21.00 0.05 0.50
27.23 25.00 21.00 0.04 0.47
24.37 25.00 21.00 0.05 0.54
26.45 25.00 21.00 0.06 0.57
25.24 25.00 21.00 0.05 0.54
24.96 25.00 21.00 0.05 0.50
29.59 25.00 21.00 0.05 0.56
27.25 25.00 21.00 0.05 0.47
25.44 25.00 21.00 0.04 0.42
23.42 25.00 21.00 0.05 0.53
24.76 25.00 21.00 0.05 0.45
20.51 25.00 21.00 0.04 0.49
23.67 25.00 21.00 0.05 0.51
26.30 25.00 21.00 0.05 0.57
25.38 25.00 21.00 0.06 0.54
30.25 25.00 21.00 0.04 0.58
22.71 25.00 21.00 0.06 0.41
27.43 25.00 21.00 0.06 0.54
21.33 25.00 21.00 0.04 0.52
23.68 25.00 21.00 0.05 0.54
25.83 25.00 21.00 0.05 0.46
22.48 25.00 21.00 0.05 0.52
27.22 25.00 21.00 0.05 0.41
26.22 25.00 21.00 0.05 0.58
25.18 25.00 21.00 0.06 0.55
25.15 25.00 21.00 0.05 0.36
23.38 25.00 21.00 0.05 0.39
25.79 25.00 21.00 0.05 0.47
26.31 25.00 21.00 0.04 0.51
23.24 25.00 21.00 0.05 0.47
21.68 25.00 21.00 0.05 0.48
27.57 25.00 21.00 0.04 0.52
25.36 25.00 21.00 0.06 0.52
17.42 25.00 21.00 0.06 0.45
23.79 25.00 21.00 0.06 0.48
24.55 25.00 21.00 0.06 0.46
29.04 25.00 21.00 0.05 0.49
26.02 25.00 21.00 0.05 0.53
29.10 25.00 21.00 0.04 0.50
22.66 25.00 21.00 0.05 0.48
25.15 25.00 21.00 0.05 0.47
26.29 25.00 21.00 0.05 0.55
27.35 25.00 21.00 0.05 0.49
23.91 25.00 21.00 0.05 0.48
26.69 25.00 21.00 0.05 0.53
29.68 25.00 21.00 0.04 0.56
23.37 25.00 21.00 0.06 0.52
28.28 25.00 21.00 0.05 0.55
27.49 25.00 21.00 0.06 0.53
25.77 25.00 21.00 0.05 0.48
27.15 25.00 21.00 0.05 0.47
25.36 25.00 21.00 0.06 0.51
26.07 25.00 21.00 0.05 0.53
23.15 25.00 21.00 0.06 0.52
25.67 25.00 21.00 0.06 0.50
27.79 25.00 21.00 0.04 0.46
27.34 25.00 21.00 0.06 0.52
19.60 25.00 21.00 0.05 0.53
20.68 25.00 21.00 0.05 0.51
27.03 25.00 21.00 0.05 0.53
26.32 25.00 21.00 0.04 0.55
24.97 25.00 21.00 0.04 0.55
26.56 25.00 21.00 0.05 0.41
24.49 25.00 21.00 0.05 0.52
24.58 25.00 21.00 0.05 0.56
23.08 25.00 21.00 0.05 0.42
22.09 25.00 21.00 0.05 0.46
25.97 25.00 21.00 0.05 0.43
23.97 25.00 21.00 0.05 0.47
22.97 25.00 21.00 0.05 0.52
19.96 25.00 21.00 0.05 0.54
21.20 25.00 21.00 0.04 0.46
23.78 25.00 21.00 0.04 0.49
24.19 25.00 21.00 0.05 0.43
26.48 25.00 21.00 0.05 0.42
23.11 25.00 21.00 0.05 0.51
23.57 25.00 21.00 0.05 0.43
26.13 25.00 21.00 0.04 0.48
23.91 25.00 21.00 0.05 0.46
27.30 25.00 21.00 0.05 0.45
26.97 25.00 21.00 0.05 0.56
27.20 25.00 21.00 0.05 0.44
21.99 25.00 21.00 0.05 0.53
23.97 25.00 21.00 0.06 0.53
22.11 25.00 21.00 0.05 0.49
22.62 25.00 21.00 0.05 0.50
26.34 25.00 21.00 0.05 0.47
25.91 25.00 21.00 0.05 0.55
25.48 25.00 21.00 0.05 0.48
23.65 25.00 21.00 0.05 0.44
18.87 25.00 21.00 0.04 0.49
25.13 25.00 21.00 0.06 0.54
24.43 25.00 21.00 0.05 0.42
24.28 25.00 21.00 0.05 0.50
26.36 25.00 21.00 0.04 0.47
24.62 25.00 21.00 0.06 0.48
24.36 25.00 21.00 0.05 0.49
24.62 25.00 21.00 0.05 0.42
22.47 25.00 21.00 0.05 0.59
27.02 25.00 21.00 0.05 0.59
27.34 25.00 21.00 0.05 0.51
23.21 25.00 21.00 0.05 0.41
24.73 25.00 21.00 0.05 0.49
25.26 25.00 21.00 0.05 0.48
26.49 25.00 21.00 0.05 0.49
29.24 25.00 21.00 0.05 0.47
24.14 25.00 21.00 0.06 0.51
26.96 25.00 21.00 0.05 0.47
24.69 25.00 21.00 0.04 0.45
23.31 25.00 21.00 0.04 0.49
25.53 25.00 21.00 0.05 0.48
25.69 25.00 21.00 0.06 0.47
23.81 25.00 21.00 0.05 0.46
25.42 25.00 21.00 0.04 0.41
27.12 25.00 21.00 0.05 0.50
27.27 25.00 21.00 0.05 0.44
23.65 25.00 21.00 0.05 0.48
21.13 25.00 21.00 0.05 0.58
26.19 25.00 21.00 0.05 0.61
24.11 25.00 21.00 0.04 0.43
24.40 25.00 21.00 0.05 0.63
26.80 25.00 21.00 0.05 0.47
26.84 25.00 21.00 0.05 0.48
28.03 25.00 21.00 0.05 0.53
25.67 25.00 21.00 0.05 0.50
26.66 25.00 21.00 0.05 0.47
18.79 25.00 21.00 0.04 0.50
25.81 25.00 21.00 0.04 0.45
25.27 25.00 21.00 0.05 0.53
26.41 25.00 21.00 0.07 0.45
23.95 25.00 21.00 0.06 0.48
26.63 25.00 21.00 0.05 0.53
25.88 25.00 21.00 0.05 0.56
30.36 25.00 21.00 0.05 0.54
24.69 25.00 21.00 0.06 0.58
25.42 25.00 21.00 0.05 0.59
25.15 25.00 21.00 0.05 0.50
30.34 25.00 21.00 0.06 0.55
24.97 25.00 21.00 0.05 0.51
25.03 25.00 21.00 0.06 0.55
27.59 25.00 21.00 0.05 0.45
23.66 25.00 21.00 0.04 0.53
21.74 25.00 21.00 0.06 0.38
21.67 25.00 21.00 0.05 0.46
28.81 25.00 21.00 0.05 0.48
28.78 25.00 21.00 0.05 0.35
26.41 25.00 21.00 0.06 0.49
24.89 25.00 21.00 0.06 0.46
26.85 25.00 21.00 0.05 0.50
27.87 25.00 21.00 0.05 0.42
27.39 25.00 21.00 0.05 0.57
27.26 25.00 21.00 0.05 0.55
22.70 25.00 21.00 0.05 0.52
28.33 25.00 21.00 0.05 0.53
21.47 25.00 21.00 0.04 0.53
22.25 25.00 21.00 0.06 0.48
29.30 25.00 21.00 0.04 0.52
26.50 25.00 21.00 0.04 0.42
27.52 25.00 21.00 0.05 0.52
21.58 25.00 21.00 0.05 0.48
21.11 25.00 21.00 0.05 0.56
25.50 25.00 21.00 0.05 0.51
24.33 25.00 21.00 0.05 0.52
24.20 25.00 21.00 0.04 0.41
27.11 25.00 21.00 0.06 0.52
22.26 25.00 21.00 0.05 0.52
18.16 25.00 21.00 0.04 0.48
28.09 25.00 21.00 0.05 0.49
23.62 25.00 21.00 0.05 0.47
21.67 25.00 21.00 0.06 0.50
28.38 25.00 21.00 0.05 0.55
25.69 25.00 21.00 0.05 0.55
22.01 25.00 21.00 0.05 0.57
